[
0, 4, 52, 0,
10, 30, 80, 12,
5, 0,
0, 128,
183, 0, 0, 0,
15, 0,
255, 255,

10, 0, 0, 0,
183, 0, 0, 0,
0, 125, 0, 0,
200, 162, 0, 0,
63, 106, 0, 0,
217, 170, 10, 0,
226, 20, 4, 0,
120, 236,
255, 255,
193, 220,
254, 255,
222, 128, 91, 16,
241, 149, 208, 17,
176, 160, 0, 170,
0, 189,
203, 92, 0, 0,
8, 0,
48, 0, 0, 0,
0, 2, 0, 0,
3, 0, 0, 0,
60, 0,
107, 0, 0, 0,
9, 0, 0, 0,
0, 0, 0, 0,
217, 230,
176, 233, 28, 129,
208, 17, 173, 81,
0, 160, 201, 15,
87, 57, 244, 59,
127, 132, 127, 97,
199, 67, 133, 53,
41, 134, 225, 213,
82, 248, 160, 50,
125, 178, 216, 98,
149, 66, 141, 152,
39, 60, 37, 162,
218, 45, 0, 0,
40, 0,
67, 0, 0, 0,
0, 0, 0, 0,
83, 68,
77, 210, 1, 31,
209, 17, 142, 99,
0, 96, 151, 210,
223, 72, 52, 201,
210, 119, 121, 119,
216, 17, 144, 112,
0, 6, 91, 132,
13, 156, 0, 0,
40, 0,
67, 0, 0, 0,
0, 0, 0, 0,
81, 68, 77, 210,
1, 31, 209, 17,
142, 99, 0, 96,
151, 210, 223, 72,
52, 201, 210, 119,
121, 119, 216, 17,
144, 112, 0, 6,
91, 132, 13, 156,
183, 0, 0, 0,
40, 50, 0, 0,
0, 255, 1, 0,
184, 1, 0, 0,
0, 0,

60, 0,
165, 9, 0, 0,
7, 0, 0, 128,

1, 0, 0, 0,
184, 2, 0, 0,
0, 128,
0, 0,
19, 0, 0, 128,

SchGrid
83, 99, 104, 71, 114, 105, 100, 0,

28, 31, 1, 0,
182, 72, 1, 0,

AccessoryDefaultLoc
65, 99, 99, 101, 115, 115, 111, 114, 121, 68, 101, 102, 97, 117, 108, 116, 76, 111, 99, 0, 0, 0,

52, 0,
165, 9, 0, 0,
7, 0, 0, 128,

2, 0, 0, 0,
166, 2, 0, 0,
0, 128, 0, 0,
10, 0, 0, 128,

SchGrid
83, 99, 104, 71, 114, 105, 100, 0,

24, 34, 2, 0,
198, 11, 1, 0,

Activities
65, 99, 116, 105, 118, 105, 116, 105, 101, 115, 0, 0, 0, 0,

----------------------------------------

56, 0,
165, 9, 0, 0,
7, 0, 0, 128,

3, 0, 0, 0,
176, 2, 0, 0,
0, 128, 0, 0,
15, 0, 0, 128,

SchGrid
83, 99, 104, 71, 114, 105, 100, 0,

180, 110, 10, 0,
0, 0, 0, 0,

ActivityRewards
65, 99, 116, 105, 118, 105, 116, 121, 82, 101, 119, 97, 114, 100, 115, 0, 0, 0,

----------------------------------------

52, 0,
165, 9, 0, 0,
7, 0, 0, 128,

4, 0, 0, 0,
170, 2, 0, 0,
0, 128, 0, 0,
12, 0, 0, 128,

SchGrid
83, 99, 104, 71, 114, 105, 100, 0,

24, 34, 2, 0,
86, 244, 0, 0,

ActivityText
65, 99, 116, 105, 118, 105, 116, 121, 84, 101, 120, 116, 0, 0,

----------------------------------------

124, 0,
165, 9, 0, 0,
7, 0, 0, 128,

5, 0, 0, 0,
82, 0, 0, 0,
1, 128, 0, 0,
83, 0, 0, 128,

Control
67, 111, 110, 116, 114, 111, 108, 0,

13, 43, 2, 0,
169, 255, 0, 0,

Relationship 'FK_ActivityText_ActivityText' between 'Activities' and 'ActivityText'
82, 101, 108, 97, 116, 105, 111, 110, 115, 104, 105, 112, 32, 39, 70, 75, 95, 65, 99, 116, 105, 118, 105, 116, 121, 84, 101, 120, 116, 95, 65, 99, 116, 105, 118, 105, 116, 121, 84, 101, 120, 116, 39, 32, 98, 101, 116, 119, 101, 101, 110, 32, 39, 65, 99, 116, 105, 118, 105, 116, 105, 101, 115, 39, 32, 97, 110, 100, 32, 39, 65, 99, 116, 105, 118, 105, 116, 121, 84, 101, 120, 116, 39, 0, 0, 0,

----------------------------------------

40, 0,
181, 1, 0, 0,
7, 0, 0, 128,

6, 0, 0, 0,
49, 0, 0, 0,
107, 0, 0, 0,
2, 128, 0, 0,

Control
67, 111, 110, 116, 114, 111, 108, 0,

83, 45, 2, 0,
105, 6, 1, 0,

0, 0,

----------------------------------------

64, 0,
165, 9, 0, 0,
7, 0, 0, 128,

7, 0, 0, 0,
188, 2, 0, 0,
0, 128, 0, 0,
21, 0, 0, 128,

SchGrid
83, 99, 104, 71, 114, 105, 100, 0,

198, 161, 1, 0,
116, 33, 1, 0,

AICombatBehaviorTypes
65, 73, 67, 111, 109, 98, 97, 116, 66, 101, 104, 97, 118, 105, 111, 114, 84, 121, 112, 101, 115,
9, 0, 0, 0, 0,

----------------------------------------

56, 0,
165, 9, 0, 0,
7, 0, 0, 128,

8, 0, 0, 0,
172, 2, 0, 0,
0, 128, 0, 0,
13, 0, 0, 128,

SchGrid
83, 99, 104, 71, 114, 105, 100, 0,

0, 194, 1, 0,
172, 7, 1, 0,

AICombatRoles
65, 73, 67, 111, 109, 98, 97, 116, 82, 111, 108, 101, 115,
100, 115, 0, 0, 0,

----------------------------------------

60, 0,
165, 9, 0, 0,
7, 0, 0, 128,

9, 0, 0, 0,
180, 2, 0, 0,
0, 128, 0, 0,
17, 0, 0, 128,

SchGrid
83, 99, 104, 71, 114, 105, 100, 0,

0, 194, 1, 0,
86, 244, 0, 0,

AICombatRoleTypes
65, 73, 67, 111, 109, 98, 97, 116, 82, 111, 108, 101, 84, 121, 112, 101, 115,
121, 112, 101, 0, 0,

----------------------------------------

140, 0,
165, 9, 0, 0,
7, 0, 0, 128,

10, 0, 0, 0,
82, 0, 0, 0,
1, 128, 0, 0,
97, 0, 0, 128,

Control
67, 111, 110, 116, 114, 111, 108, 0,

245, 202, 1, 0,
86, 251, 0, 0,

Relationship 'FK_AICombatRoles_AICombatRoleTypes' between 'AICombatRoleTypes' and 'AICombatRoles'
82, 101, 108, 97, 116, 105, 111, 110, 115, 104, 105, 112, 32, 39, 70, 75, 95, 65, 73, 67, 111, 109, 98, 97, 116, 82, 111, 108, 101, 115, 95, 65, 73, 67, 111, 109, 98, 97, 116, 82, 111, 108, 101, 84, 121, 112, 101, 115, 39, 32, 98, 101, 116, 119, 101, 101, 110, 32, 39, 65, 73, 67, 111, 109, 98, 97, 116, 82, 111, 108, 101, 84, 121, 112, 101, 115, 39, 32, 97, 110, 100, 32, 39, 65, 73, 67, 111, 109, 98, 97, 116, 82, 111, 108, 101, 115, 39,
0,

----------------------------------------
110, 0, 0, 0,

40, 0,
181, 1, 0, 0,
7, 0, 0, 128,

11, 0, 0, 0,
49, 0, 0, 0,
119, 0, 0, 0,
2, 128, 0, 0,

Control
67, 111, 110, 116, 114, 111, 108, 0,

201, 181, 1, 0,
5, 2, 1, 0,

0, 0,

----------------------------------------

56, 0,
165, 9, 0, 0,
7, 0, 0, 128,

12, 0, 0, 0, 174, 2, 0, 0, 0, 128, 0, 0, 14, 0, 0, 128, 83, 99, 104, 71, 114, 105, 100, 0, 96, 128, 1, 0, 62, 42, 1, 0, 65, 110, 105, 109, 97, 116, 105, 111, 110, 73, 110, 100, 101, 120, 115, 0, 0, 0, 52, 0, 165, 9, 0, 0, 7, 0, 0, 128, 13, 0, 0, 0, 166, 2, 0, 0, 0, 128, 0, 0, 10, 0, 0, 128, 83, 99, 104, 71, 114, 105, 100, 0, 96, 128, 1, 0, 86, 244, 0, 0, 65, 110, 105, 109, 97, 116, 105, 111, 110, 115, 110, 100, 0, 0, 128, 0, 165, 9, 0, 0, 7, 0, 0, 128, 14, 0, 0, 0, 82, 0, 0, 0, 1, 128, 0, 0, 85, 0, 0, 128, 67, 111, 110, 116, 114, 111, 108, 0, 85, 137, 1, 0, 12, 30, 1, 0, 82, 101, 108, 97, 116, 105, 111, 110, 115, 104, 105, 112, 32, 39, 70, 75, 95, 65, 110, 105, 109, 97, 116, 105, 111, 110, 115, 95, 65, 110, 105, 109, 97, 116, 105, 111, 110, 73, 110, 100, 101, 120, 39, 32, 98, 101, 116, 119, 101, 101, 110, 32, 39, 65, 110, 105, 109, 97, 116, 105, 111, 110, 73, 110, 100, 101, 120, 39, 32, 97, 110, 100, 32, 39, 65, 110, 105, 109, 97, 116, 105, 111, 110, 115, 39, 0, 0, 0, 0, 0, 40, 0, 181, 1, 0, 0, 7, 0, 0, 128, 15, 0, 0, 0, 49, 0, 0, 0, 107, 0, 0, 0, 2, 128, 0, 0, 67, 111, 110, 116, 114, 111, 108, 0, 155, 139, 1, 0, 90, 36, 1, 0, 0, 0, 64, 0, 165, 9, 0, 0, 7, 0, 0, 128, 16, 0, 0, 0, 188, 2, 0, 0, 0, 128, 0, 0, 21, 0, 0, 128, 83, 99, 104, 71, 114, 105, 100, 0, 48, 161, 1, 0, 112, 248, 0, 0, 66, 97, 115, 101, 67, 111, 109, 98, 97, 116, 65, 73, 67, 111, 109, 112, 111, 110, 101, 110, 116, 9, 0, 0, 0, 0, 164, 0, 165, 9, 0, 0, 7, 0, 0, 128, 17, 0, 0, 0, 82, 0, 0, 0, 1, 128, 0, 0, 121, 0, 0, 128, 67, 111, 110, 116, 114, 111, 108, 0, 81, 171, 1, 0, 32, 21, 1, 0, 82, 101, 108, 97, 116, 105, 111, 110, 115, 104, 105, 112, 32, 39, 70, 75, 95, 66, 97, 115, 101, 67, 111, 109, 98, 97, 116, 65, 73, 67, 111, 109, 112, 111, 110, 101, 110, 116, 95, 65, 73, 67, 111, 109, 98, 97, 116, 66, 101, 104, 97, 118, 105, 111, 114, 84, 121, 112, 101, 115, 39, 32, 98, 101, 116, 119, 101, 101, 110, 32, 39, 65, 73, 67, 111, 109, 98, 97, 116, 66, 101, 104, 97, 118, 105, 111, 114, 84, 121, 112, 101, 115, 39, 32, 97, 110, 100, 32, 39, 66, 97, 115, 101, 67, 111, 109, 98, 97, 116, 65, 73, 67, 111, 109, 112, 111, 110, 101, 110, 116, 39, 0, 0, 0, 0, 0, 40, 0, 181, 1, 0, 0, 7, 0, 0, 128, 18, 0, 0, 0, 49, 0, 0, 0, 143, 0, 0, 0, 2, 128, 0, 0, 67, 111, 110, 116, 114, 111, 108, 0, 151, 173, 1, 0, 106, 26, 1, 0, 0, 0, 148, 0, 165, 9, 0, 0, 7, 0, 0, 128, 19, 0, 0, 0, 98, 0, 0, 0, 1, 128, 0, 0, 105, 0, 0, 128, 67, 111, 110, 116, 114, 111, 108, 0, 95, 183, 1, 0, 199, 6, 1, 0, 82, 101, 108, 97, 116, 105, 111, 110, 115, 104, 105, 112, 32, 39, 70, 75, 95, 66, 97, 115, 101, 67, 111, 109, 98, 97, 116, 65, 73, 67, 111, 109, 112, 111, 110, 101, 110, 116, 95, 65, 73, 67, 111, 109, 98, 97, 116, 82, 111, 108, 101, 115, 39, 32, 98, 101, 116, 119, 101, 101, 110, 32, 39, 65, 73, 67, 111, 109, 98, 97, 116, 82, 111, 108, 101, 115, 39, 32, 97, 110, 100, 32, 39, 66, 97, 115, 101, 67, 111, 109, 98, 97, 116, 65, 73, 67, 111, 109, 112, 111, 110, 101, 110, 116, 39, 0, 0, 0, 0, 0, 40, 0, 181, 1, 0, 0, 7, 0, 0, 128, 20, 0, 0, 0, 49, 0, 0, 0, 127, 0, 0, 0, 2, 128, 0, 0, 67, 111, 110, 116, 114, 111, 108, 0, 157, 189, 1, 0, 59, 6, 1, 0, 0, 0, 56, 0, 165, 9, 0, 0, 7, 0, 0, 128, 21, 0, 0, 0, 174, 2, 0, 0, 0, 128, 0, 0, 14, 0, 0, 128, 83, 99, 104, 71, 114, 105, 100, 0, 86, 94, 0, 0, 86, 244, 0, 0, 66, 101, 104, 97, 118, 105, 111, 114, 69, 102, 102, 101, 99, 116, 115, 0, 0, 0, 60, 0, 165, 9, 0, 0, 7, 0, 0,
128, 22, 0, 0, 0,
180, 2, 0, 0,
0, 128, 0, 0, 17, 0, 0, 128, 83, 99, 104, 71, 114, 105, 100, 0, 24, 140, 1, 0, 164, 75, 1, 0, 66, 101, 104, 97, 118, 105, 111, 114, 80, 97, 114, 97, 109, 101, 116, 101, 114, 110, 101, 110, 0, 0, 56, 0, 165, 9, 0, 0, 7, 0, 0, 128, 23, 0, 0, 0, 178, 2, 0, 0, 0, 128, 0, 0, 16, 0, 0, 128, 83, 99, 104, 71, 114, 105, 100, 0, 160, 109, 1, 0, 120, 74, 1, 0, 66, 101, 104, 97, 118, 105, 111, 114, 84, 101, 109, 112, 108, 97, 116, 101, 0, 0, 144, 0, 165, 9, 0, 0, 7, 0, 0, 128, 24, 0, 0, 0, 82, 0, 0, 0, 1, 128, 0, 0, 103, 0, 0, 128, 67, 111, 110, 116, 114, 111, 108, 0, 137, 129, 1, 0, 233, 79, 1, 0, 82, 101, 108, 97, 116, 105, 111, 110, 115, 104, 105, 112, 32, 39, 70, 75, 95, 66, 101, 104, 97, 118, 105, 111, 114, 80, 97, 114, 97, 109, 101, 116, 101, 114, 95, 66, 101, 104, 97, 118, 105, 111, 114, 84, 101, 109, 112, 108, 97, 116, 101, 39, 32, 98, 101, 116, 119, 101, 101, 110, 32, 39, 66, 101, 104, 97, 118, 105, 111, 114, 84, 101, 109, 112, 108, 97, 116, 101, 39, 32, 97, 110, 100, 32, 39, 66, 101, 104, 97, 118, 105, 111, 114, 80, 97, 114, 97, 109, 101, 116, 101, 114, 39, 0, 0, 0, 40, 0, 181, 1, 0, 0, 7, 0, 0, 128, 25, 0, 0, 0, 49, 0, 0, 0, 125, 0, 0, 0, 2, 128, 0, 0, 67, 111, 110, 116, 114, 111, 108, 0, 74, 124, 1, 0, 47, 82, 1, 0, 0, 0, 60, 0, 165, 9, 0, 0, 7, 0, 0, 128, 26, 0, 0, 0, 186, 2, 0, 0, 0, 128, 0, 0, 20, 0, 0, 128, 83, 99, 104, 71, 114, 105, 100, 0, 116, 108, 1, 0, 232, 97, 1, 0, 66, 101, 104, 97, 118, 105, 111, 114, 84, 101, 109, 112, 108, 97, 116, 101, 78, 97, 109, 101, 0, 0, 152, 0, 165, 9, 0, 0, 7, 0, 0, 128, 27, 0, 0, 0, 82, 0, 0, 0, 1, 128, 0, 0, 109, 0, 0, 128, 67, 111, 110, 116, 114, 111, 108, 0, 149, 118, 1, 0, 203, 85, 1, 0, 82, 101, 108, 97, 116, 105, 111, 110, 115, 104, 105, 112, 32, 39, 70, 75, 95, 66, 101, 104, 97, 118, 105, 111, 114, 84, 101, 109, 112, 108, 97, 116, 101, 95, 66, 101, 104, 97, 118, 105, 111, 114, 84, 101, 109, 112, 108, 97, 116, 101, 78, 97, 109, 101, 39, 32, 98, 101, 116, 119, 101, 101, 110, 32, 39, 66, 101, 104, 97, 118, 105, 111, 114, 84, 101, 109, 112, 108, 97, 116, 101, 78, 97, 109, 101, 39, 32, 97, 110, 100, 32, 39, 66, 101, 104, 97, 118, 105, 111, 114, 84, 101, 109, 112, 108, 97, 116, 101, 39, 0, 0, 0, 0, 0, 40, 0, 181, 1, 0, 0, 7, 0, 0, 128, 28, 0, 0, 0, 49, 0, 0, 0, 131, 0, 0, 0, 2, 128, 0, 0, 67, 111, 110, 116, 114, 111, 108, 0, 219, 120, 1, 0, 180, 92, 1, 0, 0, 0, 52, 0, 165, 9, 0, 0, 7, 0, 0, 128, 29, 0, 0, 0, 166, 2, 0, 0, 0, 128, 0, 0, 10, 0, 0, 128, 83, 99, 104, 71, 114, 105, 100, 0, 182, 253, 0, 0, 4, 10, 1, 0, 66, 108, 117, 101, 112, 114, 105, 110, 116, 115, 109, 112, 0, 0, 56, 0, 165, 9, 0, 0, 7, 0, 0, 128, 30, 0, 0, 0, 176, 2, 0, 0, 0, 128, 0, 0, 15, 0, 0, 128, 83, 99, 104, 71, 114, 105, 100, 0, 252, 160, 8, 0, 0, 0, 0, 0, 98, 114, 105, 99, 107, 65, 116, 116, 114, 105, 98, 117, 116, 101, 115, 101, 0, 0, 52, 0, 165, 9, 0, 0, 7, 0, 0, 128, 31, 0, 0, 0, 168, 2, 0, 0, 0, 128, 0, 0, 11, 0, 0, 128, 83, 99, 104, 71, 114, 105, 100, 0, 44, 128, 8, 0, 0, 0, 0, 0, 66, 114, 105, 99, 107, 67, 111, 108, 111, 114, 115, 117, 0, 0, 52, 0, 165, 9, 0, 0, 7, 0, 0, 128, 32, 0, 0, 0, 170, 2, 0, 0, 0, 128, 0, 0, 12, 0, 0, 128, 83, 99, 104, 71, 114, 105, 100, 0, 84, 155, 1, 0, 22, 7, 1, 0, 66, 114, 105, 99, 107, 73, 68, 84, 97, 98, 108, 101, 0, 0, 48, 0, 165, 9, 0, 0, 7, 0, 0, 128, 33, 0, 0, 0, 158, 2, 0, 0, 0, 128, 0, 0, 6, 0, 0, 128, 83, 99, 104, 71, 114, 105, 100, 0, 92, 95, 8, 0, 0, 0, 0, 0, 67, 97, 109, 101, 114, 97, 100, 0, 0, 0, 60, 0, 165, 9, 0, 0, 7, 0, 0, 128, 34, 0, 0, 0, 186, 2, 0, 0, 0, 128, 0, 0, 20, 0, 0, 128, 83, 99, 104, 71, 114, 105, 100, 0, 140, 62, 8, 0, 0, 0, 0, 0, 67, 104, 111, 105, 99, 101, 66, 117, 105, 108, 100, 67, 111, 109, 112, 111, 110, 101, 110, 116, 0, 0, 60, 0, 165, 9, 0, 0, 7, 0, 0, 128, 35, 0, 0, 0, 186, 2, 0, 0, 0, 128, 0, 0, 20, 0, 0, 128, 83, 99, 104, 71, 114, 105, 100, 0, 188, 29, 8, 0, 0, 0, 0, 0, 67, 111, 108, 108, 101, 99, 116, 105, 98, 108, 101, 67, 111, 109, 112, 111, 110, 101, 110, 116, 0, 0, 60, 0, 165, 9, 0, 0, 7, 0, 0, 128, 36, 0, 0, 0, 182, 2, 0, 0, 0, 128, 0, 0, 18, 0, 0, 128, 83, 99, 104, 71, 114, 105, 100, 0, 236, 252, 7, 0, 0, 0, 0, 0, 67, 111, 109, 112, 111, 110, 101, 110, 116, 115, 82, 101, 103, 105, 115, 116, 114, 121, 110, 116, 0, 0, 56, 0, 165, 9, 0, 0, 7, 0, 0, 128, 37, 0, 0, 0, 174, 2, 0, 0, 0, 128, 0, 0, 14, 0, 0, 128, 83, 99, 104, 71, 114, 105, 100, 0, 28, 220, 7, 0, 0, 0, 0, 0, 67, 111, 110, 116, 114, 111, 108, 83, 99, 104, 101, 109, 101, 115, 115, 101, 0, 0, 64, 0, 165, 9, 0, 0, 7, 0, 0, 128, 38, 0, 0, 0, 188, 2, 0, 0, 0, 128, 0, 0, 21, 0, 0, 128, 83, 99, 104, 71, 114, 105, 100, 0, 220, 124, 1, 0, 204, 35, 1, 0, 67, 117, 114, 114, 101, 110, 99, 121, 68, 101, 110, 111, 109, 105, 110, 97, 116, 105, 111, 110, 115, 9, 0, 0, 0, 0, 56, 0, 165, 9, 0, 0, 7, 0, 0, 128, 39, 0, 0, 0, 172, 2, 0, 0, 0, 128, 0, 0, 13, 0, 0, 128, 83, 99, 104, 71, 114, 105, 100, 0, 240, 60, 0, 0, 56, 93, 1, 0, 67, 117, 114, 114, 101, 110, 99, 121, 73, 110, 100, 101, 120, 115, 115, 101, 0, 0, 56, 0, 165, 9, 0, 0, 7, 0, 0, 128, 40, 0, 0, 0, 172, 2, 0, 0, 0, 128, 0, 0, 13, 0, 0, 128, 83, 99, 104, 71, 114, 105, 100, 0, 240, 60, 0, 0, 142, 112, 1, 0, 67, 117, 114, 114, 101, 110, 99, 121, 84, 97, 98, 108, 101, 115, 115, 101, 0, 0, 132, 0, 165, 9, 0, 0, 7, 0, 0, 128, 41, 0, 0, 0, 82, 0, 0, 0, 1, 128, 0, 0, 89, 0, 0, 128, 67, 111, 110, 116, 114, 111, 108, 0, 229, 69, 0, 0, 56, 100, 1, 0, 82, 101, 108, 97, 116, 105, 111, 110, 115, 104, 105, 112, 32, 39, 70, 75, 95, 67, 117, 114, 114, 101, 110, 99, 121, 84, 97, 98, 108, 101, 95, 67, 117, 114, 114, 101, 110, 99, 121, 73, 110, 100, 101, 120, 39, 32, 98, 101, 116, 119, 101, 101, 110, 32, 39, 67, 117, 114, 114, 101, 110, 99, 121, 73, 110, 100, 101, 120, 39, 32, 97, 110, 100, 32, 39, 67, 117, 114, 114, 101, 110, 99, 121, 84, 97, 98, 108, 101, 39, 0, 0, 0, 0, 0, 40, 0, 181, 1, 0, 0, 7, 0, 0, 128, 42, 0, 0, 0, 49, 0, 0, 0, 111, 0, 0, 0, 2, 128, 0, 0, 67, 111, 110, 116, 114, 111, 108, 0, 26, 52, 0, 0, 18, 107, 1, 0, 0, 0, 60, 0, 165, 9, 0, 0, 7, 0, 0, 128, 43, 0, 0, 0, 186, 2, 0, 0, 0, 128, 0, 0, 20, 0, 0, 128, 83, 99, 104, 71, 114, 105, 100, 0, 76, 187, 7, 0, 0, 0, 0, 0, 68, 101, 108, 101, 116, 105, 111, 110, 82, 101, 115, 116, 114, 105, 99, 116, 105, 111, 110, 115, 0, 0, 64, 0, 165, 9, 0, 0, 7, 0, 0, 128, 44, 0, 0, 0, 188, 2, 0, 0, 0, 128, 0, 0, 21, 0, 0, 128, 83, 99, 104, 71, 114, 105, 100, 0, 240, 60, 0, 0, 194, 45, 1, 0, 68, 101, 115, 116, 114, 117, 99, 116, 105, 98, 108, 101, 67, 111, 109, 112, 111, 110, 101, 110, 116, 9, 0, 0, 0, 0, 148, 0, 165, 9, 0, 0, 7, 0, 0, 128, 45, 0, 0, 0, 82, 0, 0, 0, 1, 128, 0, 0, 105, 0, 0, 128, 67, 111, 110, 116, 114, 111, 108, 0, 229, 69, 0, 0, 245, 80, 1, 0, 82, 101, 108, 97, 116, 105, 111, 110, 115, 104, 105, 112, 32, 39, 70, 75, 95, 68, 101, 115, 116, 114, 117, 99, 116, 105, 98, 108, 101, 67, 111, 109, 112, 111, 110, 101, 110, 116, 95, 67, 117, 114, 114, 101, 110, 99, 121, 73, 110, 100, 101, 120, 39, 32, 98, 101, 116, 119, 101, 101, 110, 32, 39, 67, 117, 114, 114, 101, 110, 99, 121, 73, 110, 100, 101, 120, 39, 32, 97, 110, 100, 32, 39, 68, 101, 115, 116, 114, 117, 99, 116, 105, 98, 108, 101, 67, 111, 109, 112, 111, 110, 101, 110, 116, 39, 97, 116, 101, 0, 0, 40, 0, 181, 1, 0, 0, 7, 0, 0, 128, 46, 0, 0, 0, 49, 0, 0, 0, 127, 0, 0, 0, 2, 128, 0, 0, 67, 111, 110, 116, 114, 111, 108, 0, 43, 72, 0, 0, 246, 86, 1, 0, 0, 0, 60, 0, 165, 9, 0, 0, 7, 0, 0, 128, 47, 0, 0, 0, 180, 2, 0, 0, 0, 128, 0, 0, 17, 0, 0, 128, 83, 99, 104, 71, 114, 105, 100, 0, 124, 154, 7, 0, 0, 0, 0, 0, 68, 101, 118, 77, 111, 100, 101, 108, 66, 101, 104, 97, 118, 105, 111, 114, 115, 110, 101, 110, 0, 0, 48, 0, 165, 9, 0, 0, 7, 0, 0, 128, 48, 0, 0, 0, 158, 2, 0, 0, 0, 128, 0, 0, 6, 0, 0, 128, 83, 99, 104, 71, 114, 105, 100, 0, 230, 220, 0, 0, 118, 16, 1, 0, 69, 109, 111, 116, 101, 115, 100, 0, 0, 0, 56, 0, 165, 9, 0, 0, 7, 0, 0, 128, 49, 0, 0, 0, 178, 2, 0, 0, 0, 128, 0, 0, 16, 0, 0, 128, 83, 99, 104, 71, 114, 105, 100, 0, 172, 121, 7, 0, 0, 0, 0, 0, 69, 120, 104, 105, 98, 105, 116, 67, 111, 109, 112, 111, 110, 101, 110, 116, 0, 0, 48, 0, 165, 9, 0, 0, 7, 0, 0, 128, 50, 0, 0, 0, 162, 2, 0, 0, 0, 128, 0, 0, 8, 0, 0, 128, 83, 99, 104, 71, 114, 105, 100, 0, 220, 88, 7, 0, 0, 0, 0, 0, 70, 97, 99, 116, 105, 111, 110, 115, 0, 0, 52, 0, 165, 9, 0, 0, 7, 0, 0, 128, 51, 0, 0, 0, 166, 2, 0, 0, 0, 128, 0, 0, 10, 0, 0, 128, 83, 99, 104, 71, 114, 105, 100, 115, 12, 56, 7, 0, 0, 0, 0, 0, 70, 108, 97, 105, 114, 84, 97, 98, 108, 101, 112, 111, 0, 0, 52, 0, 165, 9, 0, 0, 7, 0, 0, 128, 52, 0, 0, 0, 164, 2, 0, 0, 0, 128, 0, 0, 9, 0, 0, 128, 83, 99, 104, 71, 114, 105, 100, 115, 60, 23, 7, 0, 0, 0, 0, 0, 70, 111, 111, 116, 115, 116, 101, 112, 115, 101, 112, 111, 0, 0, 48, 0, 165, 9, 0, 0, 7, 0, 0, 128, 53, 0, 0, 0, 156, 2, 0, 0, 0, 128, 0, 0, 5, 0, 0, 128, 83, 99, 104, 71, 114, 105, 100, 115, 108, 246, 6, 0, 0, 0, 0, 0, 73, 99, 111, 110, 115, 105, 100, 115, 0, 0, 60, 0, 165, 9, 0, 0, 7, 0, 0, 128, 54, 0, 0, 0, 182, 2, 0, 0, 0, 128, 0, 0, 18, 0, 0, 128, 83, 99, 104, 71, 114, 105, 100, 115, 156, 213, 6, 0, 0, 0, 0, 0, 73, 110, 118, 101, 110, 116, 111, 114, 121, 67, 111, 109, 112, 111, 110, 101, 110, 116, 101, 110, 0, 0, 56, 0, 165, 9, 0, 0, 7, 0, 0, 128, 55, 0, 0, 0, 172, 2, 0, 0, 0, 128, 0, 0, 13, 0, 0, 128, 83, 99, 104, 71, 114, 105, 100, 115, 28, 31, 1, 0, 86, 244, 0, 0, 73, 116, 101, 109, 67, 111, 109, 112, 111, 110, 101, 110, 116, 101, 110, 116, 0, 0, 144, 0, 165, 9, 0, 0, 7, 0, 0, 128, 56, 0, 0, 0, 82, 0, 0, 0, 1, 128, 0, 0, 101, 0, 0, 128, 67, 111, 110, 116, 114, 111, 108, 115, 17, 40, 1, 0, 111, 60, 1, 0, 82, 101, 108, 97, 116, 105, 111, 110, 115, 104, 105, 112, 32, 39, 70, 75, 95, 73, 116, 101, 109, 67, 111, 109, 112, 111, 110, 101, 110, 116, 95, 65, 99, 99, 101, 115, 115, 111, 114, 121, 68, 101, 102, 97, 117, 108, 116, 76, 111, 99, 39, 32, 98, 101, 116, 119, 101, 101, 110, 32, 39, 65, 99, 99, 101, 115, 115, 111, 114, 121, 68, 101, 102, 97, 117, 108, 116, 76, 111, 99, 39, 32, 97, 110, 100, 32, 39, 73, 116, 101, 109, 67, 111, 109, 112, 111, 110, 101, 110, 116, 39, 114, 39, 0, 0, 0, 40, 0, 181, 1, 0, 0, 7, 0, 0, 128, 57, 0, 0, 0, 49, 0, 0, 0, 123, 0, 0, 0, 2, 128, 0, 0, 67, 111, 110, 116, 114, 111, 108, 115, 87, 42, 1, 0, 68, 67, 1, 0, 0, 0, 52, 0, 165, 9, 0, 0, 7, 0, 0, 128, 58, 0, 0, 0, 168, 2, 0, 0, 0, 128, 0, 0, 11, 0, 0, 128, 83, 99, 104, 71, 114, 105, 100, 115, 204, 180, 6, 0, 0, 0, 0, 0, 73, 116, 101, 109, 69, 103, 103, 68, 97, 116, 97, 110, 0, 0, 52, 0, 165, 9, 0, 0, 7, 0, 0, 128, 59, 0, 0, 0, 170, 2, 0, 0, 0, 128, 0, 0, 12, 0, 0, 128, 83, 99, 104, 71, 114, 105, 100, 115, 252, 147, 6, 0, 0, 0, 0, 0, 73, 116, 101, 109, 70, 111, 111, 100, 68, 97, 116, 97, 0, 0, 48, 0, 165, 9, 0, 0, 7, 0, 0, 128, 60, 0, 0, 0, 162, 2, 0, 0, 0, 128, 0, 0, 8, 0, 0, 128, 83, 99, 104, 71, 114, 105, 100, 115, 44, 115, 6, 0, 0, 0, 0, 0, 73, 116, 101, 109, 83, 101, 116, 115, 0, 0, 56, 0, 165, 9, 0, 0, 7, 0, 0, 128, 61, 0, 0, 0, 172, 2, 0, 0, 0, 128, 0, 0, 13, 0, 0, 128, 83, 99, 104, 71, 114, 105, 100, 115, 92, 82, 6, 0, 0, 0, 0, 0, 73, 116, 101, 109, 83, 101, 116, 83, 107, 105, 108, 108, 115, 101, 110, 116, 0, 0, 52, 0, 165, 9, 0, 0, 7, 0, 0, 128, 62, 0, 0, 0, 170, 2, 0, 0, 0, 128, 0, 0, 12, 0, 0, 128, 83, 99, 104, 71, 114, 105, 100, 115, 22, 188, 0, 0, 130, 245, 0, 0, 76, 97, 110, 103, 117, 97, 103, 101, 84, 121, 112, 101, 0, 0, 52, 0, 165, 9, 0, 0, 7, 0, 0, 128, 63, 0, 0, 0, 166, 2, 0, 0, 0, 128, 0, 0, 10, 0, 0, 128, 83, 99, 104, 71, 114, 105, 100, 115, 120, 30, 0, 0, 86, 244, 0, 0, 76, 111, 111, 116, 77, 97, 116, 114, 105, 120, 112, 101, 0, 0, 56, 0, 165, 9, 0, 0, 7, 0, 0, 128, 64, 0, 0, 0, 176, 2, 0, 0, 0, 128, 0, 0, 15, 0, 0, 128, 83, 99, 104, 71, 114, 105, 100, 115, 120, 30, 0, 0, 128, 81, 1, 0, 76, 111, 111, 116, 77, 97, 116, 114, 105, 120, 73, 110, 100, 101, 120, 116, 0, 0, 128, 0, 165, 9, 0, 0, 7, 0, 0, 128, 65, 0, 0, 0, 82, 0, 0, 0, 1, 128, 0, 0, 87, 0, 0, 128, 67, 111, 110, 116, 114, 111, 108, 115, 109, 39, 0, 0, 88, 8, 1, 0, 82, 101, 108, 97, 116, 105, 111, 110, 115, 104, 105, 112, 32, 39, 70, 75, 95, 76, 111, 111, 116, 77, 97, 116, 114, 105, 120, 95, 76, 111, 111, 116, 77, 97, 116, 114, 105, 120, 73, 110, 100, 101, 120, 39, 32, 98, 101, 116, 119, 101, 101, 110, 32, 39, 76, 111, 111, 116, 77, 97, 116, 114, 105, 120, 73, 110, 100, 101, 120, 39, 32, 97, 110, 100, 32, 39, 76, 111, 111, 116, 77, 97, 116, 114, 105, 120, 39, 0, 0, 0, 40, 0, 181, 1, 0, 0, 7, 0, 0, 128, 66, 0, 0, 0, 49, 0, 0, 0, 109, 0, 0, 0, 2, 128, 0, 0, 67, 111, 110, 116, 114, 111, 108, 115, 179, 41, 0, 0, 157, 45, 1, 0, 0, 0, 152, 0, 165, 9, 0, 0, 7, 0, 0, 128, 67, 0, 0, 0, 98, 0, 0, 0, 1, 128, 0, 0, 109, 0, 0, 128, 67, 111, 110, 116, 114, 111, 108, 115, 97, 50, 0, 0, 7, 63, 1, 0, 82, 101, 108, 97, 116, 105, 111, 110, 115, 104, 105, 112, 32, 39, 70, 75, 95, 68, 101, 115, 116, 114, 117, 99, 116, 105, 98, 108, 101, 67, 111, 109, 112, 111, 110, 101, 110, 116, 95, 76, 111, 111, 116, 77, 97, 116, 114, 105, 120, 73, 110, 100, 101, 120, 39, 32, 98, 101, 116, 119, 101, 101, 110, 32, 39, 76, 111, 111, 116, 77, 97, 116, 114, 105, 120, 73, 110, 100, 101, 120, 39, 32, 97, 110, 100, 32, 39, 68, 101, 115, 116, 114, 117, 99, 116, 105, 98, 108, 101, 67, 111, 109, 112, 111, 110, 101, 110, 116, 39, 0, 0, 0, 0, 0, 40, 0, 181, 1, 0, 0, 7, 0, 0, 128, 68, 0, 0, 0, 49, 0, 0, 0, 131, 0, 0, 0, 2, 128, 0, 0, 67, 111, 110, 116, 114, 111, 108, 115, 12, 60, 0, 0, 189, 79, 1, 0, 0, 0, 52, 0, 165, 9, 0, 0, 7, 0, 0, 128, 69, 0, 0, 0, 164, 2, 0, 0, 0, 128, 0, 0, 9, 0, 0, 128, 83, 99, 104, 71, 114, 105, 100, 115, 240, 60, 0, 0, 30, 14, 1, 0, 76, 111, 111, 116, 84, 97, 98, 108, 101, 120, 73, 110, 0, 0, 56, 0, 165, 9, 0, 0, 7, 0, 0, 128, 70, 0, 0, 0, 174, 2, 0, 0, 0, 128, 0, 0, 14, 0, 0, 128, 83, 99, 104, 71, 114, 105, 100, 115, 240, 60, 0, 0, 200, 250, 0, 0, 76, 111, 111, 116, 84, 97, 98, 108, 101, 73, 110, 100, 101, 120, 120, 116, 0, 0, 124, 0, 165, 9, 0, 0, 7, 0, 0, 128, 71, 0, 0, 0, 82, 0, 0, 0, 1, 128, 0, 0, 83, 0, 0, 128, 67, 111, 110, 116, 114, 111, 108, 115, 229, 69, 0, 0, 200, 1, 1, 0, 82, 101, 108, 97, 116, 105, 111, 110, 115, 104, 105, 112, 32, 39, 70, 75, 95, 76, 111, 111, 116, 84, 97, 98, 108, 101, 95, 76, 111, 111, 116, 84, 97, 98, 108, 101, 73, 110, 100, 101, 120, 39, 32, 98, 101, 116, 119, 101, 101, 110, 32, 39, 76, 111, 111, 116, 84, 97, 98, 108, 101, 73, 110, 100, 101, 120, 39, 32, 97, 110, 100, 32, 39, 76, 111, 111, 116, 84, 97, 98, 108, 101, 39, 114, 0, 0, 40, 0, 181, 1, 0, 0, 7, 0, 0, 128, 72, 0, 0, 0, 49, 0, 0, 0, 105, 0, 0, 0, 2, 128, 0, 0, 67, 111, 110, 116, 114, 111, 108, 115, 91, 54, 0, 0, 140, 8, 1, 0, 0, 0, 128, 0, 165, 9, 0, 0, 7, 0, 0, 128, 73, 0, 0, 0, 82, 0, 0, 0, 1, 128, 0, 0, 85, 0, 0, 128, 67, 111, 110, 116, 114, 111, 108, 115, 97, 50, 0, 0, 225, 253, 0, 0, 82, 101, 108, 97, 116, 105, 111, 110, 115, 104, 105, 112, 32, 39, 70, 75, 95, 76, 111, 111, 116, 77, 97, 116, 114, 105, 120, 95, 76, 111, 111, 116, 84, 97, 98, 108, 101, 73, 110, 100, 101, 120, 39, 32, 98, 101, 116, 119, 101, 101, 110, 32, 39, 76, 111, 111, 116, 84, 97, 98, 108, 101, 73, 110, 100, 101, 120, 39, 32, 97, 110, 100, 32, 39, 76, 111, 111, 116, 77, 97, 116, 114, 105, 120, 39, 120, 39, 0, 0, 0, 40, 0, 181, 1, 0, 0, 7, 0, 0, 128, 74, 0, 0, 0, 49, 0, 0, 0, 107, 0, 0, 0, 2, 128, 0, 0, 67, 111, 110, 116, 114, 111, 108, 115, 125, 44, 0, 0, 113, 253, 0, 0, 0, 0, 60, 0, 165, 9, 0, 0, 7, 0, 0, 128, 75, 0, 0, 0, 184, 2, 0, 0, 0, 128, 0, 0, 19, 0, 0, 128, 83, 99, 104, 71, 114, 105, 100, 115, 140, 49, 6, 0, 0, 0, 0, 0, 76, 85, 80, 69, 120, 104, 105, 98, 105, 116, 67, 111, 109, 112, 111, 110, 101, 110, 116, 110, 0, 0, 60, 0, 165, 9, 0, 0, 7, 0, 0, 128, 76, 0, 0, 0, 184, 2, 0, 0, 0, 128, 0, 0, 19, 0, 0, 128, 83, 99, 104, 71, 114, 105, 100, 115, 188, 16, 6, 0, 0, 0, 0, 0, 76, 85, 80, 69, 120, 104, 105, 98, 105, 116, 77, 111, 100, 101, 108, 68, 97, 116, 97, 110, 0, 0, 64, 0, 165, 9, 0, 0, 7, 0, 0, 128, 77, 0, 0, 0, 188, 2, 0, 0, 0, 128, 0, 0, 21, 0, 0, 128, 83, 99, 104, 71, 114, 105, 100, 115, 182, 253, 0, 0, 86, 244, 0, 0, 109, 97, 112, 95, 66, 108, 117, 101, 112, 114, 105, 110, 116, 67, 97, 116, 101, 103, 111, 114, 121, 9, 0, 0, 0, 0, 160, 0, 165, 9, 0, 0, 7, 0, 0, 128, 78, 0, 0, 0, 82, 0, 0, 0, 1, 128, 0, 0, 117, 0, 0, 128, 67, 111, 110, 116, 114, 111, 108, 115, 65, 7, 1, 0, 130, 253, 0, 0, 82, 101, 108, 97, 116, 105, 111, 110, 115, 104, 105, 112, 32, 39, 70, 75, 95, 66, 76, 85, 69, 80, 82, 73, 78, 84, 83, 95, 67, 65, 84, 69, 71, 79, 82, 89, 73, 68, 95, 84, 79, 95, 77, 65, 80, 95, 66, 76, 85, 69, 80, 82, 73, 78, 84, 95, 67, 65, 84, 69, 71, 79, 82, 89, 95, 73, 68, 39, 32, 98, 101, 116, 119, 101, 101, 110, 32, 39, 109, 97, 112, 95, 66, 108, 117, 101, 112, 114, 105, 110, 116, 67, 97, 116, 101, 103, 111, 114, 121, 39, 32, 97, 110, 100, 32, 39, 66, 108, 117, 101, 112, 114, 105, 110, 116, 115, 39, 0, 0, 0, 0, 0, 40, 0, 181, 1, 0, 0, 7, 0, 0, 128, 79, 0, 0, 0, 49, 0, 0, 0, 157, 0, 0, 0, 2, 128, 0, 0, 67, 111, 110, 116, 114, 111, 108, 115, 166, 226, 0, 0, 114, 4, 1, 0, 0, 0, 60, 0, 165, 9, 0, 0, 7, 0, 0, 128, 80, 0, 0, 0, 180, 2, 0, 0, 0, 128, 0, 0, 17, 0, 0, 128, 83, 99, 104, 71, 114, 105, 100, 115, 236, 239, 5, 0, 0, 0, 0, 0, 109, 97, 112, 65, 110, 105, 109, 97, 116, 105, 111, 110, 70, 108, 97, 103, 115, 103, 111, 114, 0, 0, 52, 0, 165, 9, 0, 0, 7, 0, 0, 128, 81, 0, 0, 0, 170, 2, 0, 0, 0, 128, 0, 0, 12, 0, 0, 128, 83, 99, 104, 71, 114, 105, 100, 115, 28, 207, 5, 0, 0, 0, 0, 0, 109, 97, 112, 65, 115, 115, 101, 116, 84, 121, 112, 101, 0, 0, 56, 0, 165, 9, 0, 0, 7, 0, 0, 128, 82, 0, 0, 0, 178, 2, 0, 0, 0, 128, 0, 0, 16, 0, 0, 128, 83, 99, 104, 71, 114, 105, 100, 115, 76, 174, 5, 0, 0, 0, 0, 0, 109, 97, 112, 67, 111, 109, 112, 111, 110, 101, 110, 116, 84, 121, 112, 101, 0, 0, 48, 0, 165, 9, 0, 0, 7, 0, 0, 128, 83, 0, 0, 0, 160, 2, 0, 0, 0, 128, 0, 0, 7, 0, 0, 128, 83, 99, 104, 71, 114, 105, 100, 115, 124, 141, 5, 0, 0, 0, 0, 0, 109, 97, 112, 73, 99, 111, 110, 115, 0, 0, 52, 0, 165, 9, 0, 0, 7, 0, 0, 128, 84, 0, 0, 0, 170, 2, 0, 0, 0, 128, 0, 0, 12, 0, 0, 128, 83, 99, 104, 71, 114, 105, 100, 115, 172, 108, 5, 0, 0, 0, 0, 0, 109, 97, 112, 73, 116, 101, 109, 84, 121, 112, 101, 115, 0, 0, 56, 0, 165, 9, 0, 0, 7, 0, 0, 128, 85, 0, 0, 0, 178, 2, 0, 0, 0, 128, 0, 0, 16, 0, 0, 128, 83, 99, 104, 71, 114, 105, 100, 115, 220, 75, 5, 0, 0, 0, 0, 0, 109, 97, 112, 82, 101, 110, 100, 101, 114, 69, 102, 102, 101, 99, 116, 115, 0, 0, 52, 0, 165, 9, 0, 0, 7, 0, 0, 128, 86, 0, 0, 0, 166, 2, 0, 0, 0, 128, 0, 0, 10, 0, 0, 128, 83, 99, 104, 71, 114, 105, 100, 115, 12, 43, 5, 0, 0, 0, 0, 0, 109, 97, 112, 83, 104, 97, 100, 101, 114, 115, 102, 102, 0, 0, 60, 0, 165, 9, 0, 0, 7, 0, 0, 128, 87, 0, 0, 0, 182, 2, 0, 0, 0, 128, 0, 0, 18, 0, 0, 128, 83, 99, 104, 71, 114, 105, 100, 115, 60, 10, 5, 0, 0, 0, 0, 0, 109, 97, 112, 84, 101, 120, 116, 117, 114, 101, 82, 101, 115, 111, 117, 114, 99, 101, 111, 114, 0, 0, 56, 0, 165, 9, 0, 0, 7, 0, 0, 128, 88, 0, 0, 0, 178, 2, 0, 0, 0, 128, 0, 0, 16, 0, 0, 128, 83, 99, 104, 71, 114, 105, 100, 115, 108, 233, 4, 0, 0, 0, 0, 0, 77, 105, 110, 105, 102, 105, 103, 67, 111, 109, 112, 111, 110, 101, 110, 116, 0, 0, 64, 0, 165, 9, 0, 0, 7, 0, 0, 128, 89, 0, 0, 0, 190, 2, 0, 0, 0, 128, 0, 0, 22, 0, 0, 128, 83, 99, 104, 71, 114, 105, 100, 115, 184, 76, 10, 0, 0, 0, 0, 0, 77, 105, 110, 105, 102, 105, 103, 68, 101, 99, 97, 108, 115, 95, 69, 121, 101, 98, 114, 111, 119, 115, 0, 0, 0, 0, 60, 0, 165, 9, 0, 0, 7, 0, 0, 128, 90, 0, 0, 0, 182, 2, 0, 0, 0, 128, 0, 0, 18, 0, 0, 128, 83, 99, 104, 71, 114, 105, 100, 115, 232, 43, 10, 0, 0, 0, 0, 0, 77, 105, 110, 105, 102, 105, 103, 68, 101, 99, 97, 108, 115, 95, 69, 121, 101, 115, 114, 111, 0, 0, 60, 0, 165, 9, 0, 0, 7, 0, 0, 128, 91, 0, 0, 0, 182, 2, 0, 0, 0, 128, 0, 0, 18, 0, 0, 128, 83, 99, 104, 71, 114, 105, 100, 115, 24, 11, 10, 0, 0, 0, 0, 0, 77, 105, 110, 105, 102, 105, 103, 68, 101, 99, 97, 108, 115, 95, 76, 101, 103, 115, 114, 111, 0, 0, 60, 0, 165, 9, 0, 0, 7, 0, 0, 128, 92, 0, 0, 0, 186, 2, 0, 0, 0, 128, 0, 0, 20, 0, 0, 128, 83, 99, 104, 71, 114, 105, 100, 115, 72, 234, 9, 0, 0, 0, 0, 0, 77, 105, 110, 105, 102, 105, 103, 68, 101, 99, 97, 108, 115, 95, 77, 111, 117, 116, 104, 115, 0, 0, 60, 0, 165, 9, 0, 0, 7, 0, 0, 128, 93, 0, 0, 0, 186, 2, 0, 0, 0, 128, 0, 0, 20, 0, 0, 128, 83, 99, 104, 71, 114, 105, 100, 115, 120, 201, 9, 0, 0, 0, 0, 0, 77, 105, 110, 105, 102, 105, 103, 68, 101, 99, 97, 108, 115, 95, 84, 111, 114, 115, 111, 115, 0, 0, 52, 0, 165, 9, 0, 0, 7, 0, 0, 128, 94, 0, 0, 0, 170, 2, 0, 0, 0, 128, 0, 0, 12, 0, 0, 128, 83, 99, 104, 71, 114, 105, 100, 115, 168, 168, 9, 0, 0, 0, 0, 0, 77, 105, 115, 115, 105, 111, 110, 69, 109, 97, 105, 108, 0, 0, 48, 0, 165, 9, 0, 0, 7, 0, 0, 128, 95, 0, 0, 0, 162, 2, 0, 0, 0, 128, 0, 0, 8, 0, 0, 128, 83, 99, 104, 71, 114, 105, 100, 115, 208, 226, 1, 0, 86, 244, 0, 0, 77, 105, 115, 115, 105, 111, 110, 115, 0, 0, 52, 0, 165, 9, 0, 0, 7, 0, 0, 128, 96, 0, 0, 0, 170, 2, 0, 0, 0, 128, 0, 0, 12, 0, 0, 128, 83, 99, 104, 71, 114, 105, 100, 115, 72, 1, 2, 0, 108, 26, 1, 0, 77, 105, 115, 115, 105, 111, 110, 84, 97, 115, 107, 115, 0, 0, 120, 0, 165, 9, 0, 0, 7, 0, 0, 128, 97, 0, 0, 0, 82, 0, 0, 0, 1, 128, 0, 0, 77, 0, 0, 128, 67, 111, 110, 116, 114, 111, 108, 115, 185, 246, 1, 0, 167, 40, 1, 0, 82, 101, 108, 97, 116, 105, 111, 110, 115, 104, 105, 112, 32, 39, 70, 75, 95, 77, 105, 115, 115, 105, 111, 110, 84, 97, 115, 107, 115, 95, 77, 105, 115, 115, 105, 111, 110, 115, 39, 32, 98, 101, 116, 119, 101, 101, 110, 32, 39, 77, 105, 115, 115, 105, 111, 110, 115, 39, 32, 97, 110, 100, 32, 39, 77, 105, 115, 115, 105, 111, 110, 84, 97, 115, 107, 115, 39, 0, 0, 0, 0, 0, 40, 0, 181, 1, 0, 0, 7, 0, 0, 128, 98, 0, 0, 0, 49, 0, 0, 0, 99, 0, 0, 0, 2, 128, 0, 0, 67, 111, 110, 116, 114, 111, 108, 115, 154, 245, 1, 0, 237, 42, 1, 0, 0, 0, 52, 0, 165, 9, 0, 0, 7, 0, 0, 128, 99, 0, 0, 0, 168, 2, 0, 0, 0, 128, 0, 0, 11, 0, 0, 128, 83, 99, 104, 71, 114, 105, 100, 115, 208, 226, 1, 0, 134, 105, 1, 0, 77, 105, 115, 115, 105, 111, 110, 84, 101, 120, 116, 115, 0, 0, 116, 0, 165, 9, 0, 0, 7, 0, 0, 128, 100, 0, 0, 0, 82, 0, 0, 0, 1, 128, 0, 0, 75, 0, 0, 128, 67, 111, 110, 116, 114, 111, 108, 115, 197, 235, 1, 0, 1, 93, 1, 0, 82, 101, 108, 97, 116, 105, 111, 110, 115, 104, 105, 112, 32, 39, 70, 75, 95, 77, 105, 115, 115, 105, 111, 110, 84, 101, 120, 116, 95, 77, 105, 115, 115, 105, 111, 110, 115, 39, 32, 98, 101, 116, 119, 101, 101, 110, 32, 39, 77, 105, 115, 115, 105, 111, 110, 115, 39, 32, 97, 110, 100, 32, 39, 77, 105, 115, 115, 105, 111, 110, 84, 101, 120, 116, 39, 115, 0, 0, 40, 0, 181, 1, 0, 0, 7, 0, 0, 128, 101, 0, 0, 0, 49, 0, 0, 0, 97, 0, 0, 0, 2, 128, 0, 0, 67, 111, 110, 116, 114, 111, 108, 115, 69, 223, 1, 0, 243, 99, 1, 0, 0, 0, 56, 0, 165, 9, 0, 0, 7, 0, 0, 128, 102, 0, 0, 0, 172, 2, 0, 0, 0, 128, 0, 0, 13, 0, 0, 128, 83, 99, 104, 71, 114, 105, 100, 115, 216, 135, 9, 0, 0, 0, 0, 0, 77, 111, 100, 101, 108, 66, 101, 104, 97, 118, 105, 111, 114, 101, 110, 116, 0, 0, 64, 0, 165, 9, 0, 0, 7, 0, 0, 128, 103, 0, 0, 0, 188, 2, 0, 0, 0, 128, 0, 0, 21, 0, 0, 128, 83, 99, 104, 71, 114, 105, 100, 115, 220, 101, 9, 0, 0, 0, 0, 0, 77, 111, 100, 117, 108, 97, 114, 66, 117, 105, 108, 100, 67, 111, 109, 112, 111, 110, 101, 110, 116, 115, 0, 0, 0, 0, 56, 0, 165, 9, 0, 0, 7, 0, 0, 128, 104, 0, 0, 0, 176, 2, 0, 0, 0, 128, 0, 0, 15, 0, 0, 128, 83, 99, 104, 71, 114, 105, 100, 115, 12, 69, 9, 0, 0, 0, 0, 0, 77, 111, 100, 117, 108, 101, 67, 111, 109, 112, 111, 110, 101, 110, 116, 116, 0, 0, 48, 0, 165, 9, 0, 0, 7, 0, 0, 128, 105, 0, 0, 0, 162, 2, 0, 0, 0, 128, 0, 0, 8, 0, 0, 128, 83, 99, 104, 71, 114, 105, 100, 115, 206, 124, 0, 0, 162, 17, 1, 0, 77, 111, 116, 105, 111, 110, 70, 88, 0, 0, 124, 0, 165, 9, 0, 0, 7, 0, 0, 128, 106, 0, 0, 0, 82, 0, 0, 0, 1, 128, 0, 0, 81, 0, 0, 128, 67, 111, 110, 116, 114, 111, 108, 88, 63, 114, 0, 0, 45, 27, 1, 0, 82, 101, 108, 97, 116, 105, 111, 110, 115, 104, 105, 112, 32, 39, 70, 75, 95, 66, 101, 104, 97, 118, 105, 111, 114, 69, 102, 102, 101, 99, 116, 95, 77, 111, 116, 105, 111, 110, 70, 88, 39, 32, 98, 101, 116, 119, 101, 101, 110, 32, 39, 77, 111, 116, 105, 111, 110, 70, 88, 39, 32, 97, 110, 100, 32, 39, 66, 101, 104, 97, 118, 105, 111, 114, 69, 102, 102, 101, 99, 116, 39, 114, 105, 120, 0, 0, 40, 0, 181, 1, 0, 0, 7, 0, 0, 128, 107, 0, 0, 0, 49, 0, 0, 0, 103, 0, 0, 0, 2, 128, 0, 0, 67, 111, 110, 116, 114, 111, 108, 88, 71, 112, 0, 0, 189, 26, 1, 0, 0, 0, 56, 0, 165, 9, 0, 0, 7, 0, 0, 128, 108, 0, 0, 0, 172, 2, 0, 0, 0, 128, 0, 0, 13, 0, 0, 128, 83, 99, 104, 71, 114, 105, 100, 88, 60, 36, 9, 0, 0, 0, 0, 0, 78, 80, 67, 67, 114, 101, 97, 116, 101, 68, 97, 116, 97, 110, 116, 116, 0, 0, 48, 0, 165, 9, 0, 0, 7, 0, 0, 128, 109, 0, 0, 0, 162, 2, 0, 0, 0, 128, 0, 0, 8, 0, 0, 128, 83, 99, 104, 71, 114, 105, 100, 88, 108, 3, 9, 0, 0, 0, 0, 0, 78, 112, 99, 73, 99, 111, 110, 115, 0, 0, 56, 0, 165, 9, 0, 0, 7, 0, 0, 128, 110, 0, 0, 0, 176, 2, 0, 0, 0, 128, 0, 0, 15, 0, 0, 128, 83, 99, 104, 71, 114, 105, 100, 115, 156, 226, 8, 0, 0, 0, 0, 0, 79, 98, 106, 101, 99, 116, 66, 101, 104, 97, 118, 105, 111, 114, 115, 116, 0, 0, 60, 0, 165, 9, 0, 0, 7, 0, 0, 128, 111, 0, 0, 0, 182, 2, 0, 0, 0, 128, 0, 0, 18, 0, 0, 128, 83, 99, 104, 71, 114, 105, 100, 115, 204, 193, 8, 0, 0, 0, 0, 0, 79, 98, 106, 101, 99, 116, 66, 101, 104, 97, 118, 105, 111, 114, 88, 82, 69, 70, 101, 110, 0, 0, 48, 0, 165, 9, 0, 0, 7, 0, 0, 128, 112, 0, 0, 0, 160, 2, 0, 0, 0, 128, 0, 0, 7, 0, 0, 128, 83, 99, 104, 71, 114, 105, 100, 115, 220, 124, 1, 0, 32, 253, 0, 0, 79, 98, 106, 101, 99, 116, 115, 115, 0, 0, 116, 0, 165, 9, 0, 0, 7, 0, 0, 128, 113, 0, 0, 0, 82, 0, 0, 0, 1, 128, 0, 0, 75, 0, 0, 128, 67, 111, 110, 116, 114, 111, 108, 115, 197, 144, 1, 0, 47, 10, 1, 0, 82, 101, 108, 97, 116, 105, 111, 110, 115, 104, 105, 112, 32, 39, 70, 75, 95, 66, 114, 105, 99, 107, 73, 68, 84, 97, 98, 108, 101, 95, 79, 98, 106, 101, 99, 116, 115, 39, 32, 98, 101, 116, 119, 101, 101, 110, 32, 39, 79, 98, 106, 101, 99, 116, 115, 39, 32, 97, 110, 100, 32, 39, 66, 114, 105, 99, 107, 73, 68, 84, 97, 98, 108, 101, 39, 115, 0, 0, 40, 0, 181, 1, 0, 0, 7, 0, 0, 128, 114, 0, 0, 0, 49, 0, 0, 0, 97, 0, 0, 0, 2, 128, 0, 0, 67, 111, 110, 116, 114, 111, 108, 115, 224, 143, 1, 0, 117, 12, 1, 0, 0, 0, 136, 0, 165, 9, 0, 0, 7, 0, 0, 128, 115, 0, 0, 0, 82, 0, 0, 0, 1, 128, 0, 0, 93, 0, 0, 128, 67, 111, 110, 116, 114, 111, 108, 115, 209, 133, 1, 0, 169, 23, 1, 0, 82, 101, 108, 97, 116, 105, 111, 110, 115, 104, 105, 112, 32, 39, 70, 75, 95, 67, 117, 114, 114, 101, 110, 99, 121, 68, 101, 110, 111, 109, 105, 110, 97, 116, 105, 111, 110, 115, 95, 79, 98, 106, 101, 99, 116, 115, 39, 32, 98, 101, 116, 119, 101, 101, 110, 32, 39, 79, 98, 106, 101, 99, 116, 115, 39, 32, 97, 110, 100, 32, 39, 67, 117, 114, 114, 101, 110, 99, 121, 68, 101, 110, 111, 109, 105, 110, 97, 116, 105, 111, 110, 115, 39, 0, 0, 0, 0, 0, 40, 0, 181, 1, 0, 0, 7, 0, 0, 128, 116, 0, 0, 0, 49, 0, 0, 0, 115, 0, 0, 0, 2, 128, 0, 0, 67, 111, 110, 116, 114, 111, 108, 115, 3, 115, 1, 0, 126, 30, 1, 0, 0, 0, 52, 0, 165, 9, 0, 0, 7, 0, 0, 128, 117, 0, 0, 0, 170, 2, 0, 0, 0, 128, 0, 0, 12, 0, 0, 128, 83, 99, 104, 71, 114, 105, 100, 115, 100, 94, 1, 0, 190, 4, 1, 0, 79, 98, 106, 101, 99, 116, 83, 107, 105, 108, 108, 115, 0, 0, 116, 0, 165, 9, 0, 0, 7, 0, 0, 128, 118, 0, 0, 0, 82, 0, 0, 0, 1, 128, 0, 0, 75, 0, 0, 128, 67, 111, 110, 116, 114, 111, 108, 115, 77, 114, 1, 0, 47, 10, 1, 0, 82, 101, 108, 97, 116, 105, 111, 110, 115, 104, 105, 112, 32, 39, 70, 75, 95, 79, 98, 106, 101, 99, 116, 83, 107, 105, 108, 108, 115, 95, 79, 98, 106, 101, 99, 116, 115, 39, 32, 98, 101, 116, 119, 101, 101, 110, 32, 39, 79, 98, 106, 101, 99, 116, 115, 39, 32, 97, 110, 100, 32, 39, 79, 98, 106, 101, 99, 116, 83, 107, 105, 108, 108, 115, 39, 115, 0, 0, 40, 0, 181, 1, 0, 0, 7, 0, 0, 128, 119, 0, 0, 0, 49, 0, 0, 0, 97, 0, 0, 0, 2, 128, 0, 0, 67, 111, 110, 116, 114, 111, 108, 115, 176, 113, 1, 0, 191, 9, 1, 0, 0, 0, 56, 0, 165, 9, 0, 0, 7, 0, 0, 128, 120, 0, 0, 0, 178, 2, 0, 0, 0, 128, 0, 0, 16, 0, 0, 128, 83, 99, 104, 71, 114, 105, 100, 115, 156, 200, 4, 0, 0, 0, 0, 0, 80, 97, 99, 107, 97, 103, 101, 67, 111, 109, 112, 111, 110, 101, 110, 116, 0, 0, 52, 0, 165, 9, 0, 0, 7, 0, 0, 128, 121, 0, 0, 0, 170, 2, 0, 0, 0, 128, 0, 0, 12, 0, 0, 128, 83, 99, 104, 71, 114, 105, 100, 115, 204, 167, 4, 0, 0, 0, 0, 0, 80, 101, 116, 65, 98, 105, 108, 105, 116, 105, 101, 115, 0, 0, 52, 0, 165, 9, 0, 0, 7, 0, 0, 128, 122, 0, 0, 0, 170, 2, 0, 0, 0, 128, 0, 0, 12, 0, 0, 128, 83, 99, 104, 71, 114, 105, 100, 115, 252, 134, 4, 0, 0, 0, 0, 0, 80, 101, 116, 67, 111, 109, 112, 111, 110, 101, 110, 116, 0, 0, 56, 0, 165, 9, 0, 0, 7, 0, 0, 128, 123, 0, 0, 0, 178, 2, 0, 0, 0, 128, 0, 0, 16, 0, 0, 128, 83, 99, 104, 71, 114, 105, 100, 115, 44, 102, 4, 0, 0, 0, 0, 0, 80, 101, 116, 78, 101, 115, 116, 67, 111, 109, 112, 111, 110, 101, 110, 116, 0, 0, 56, 0, 165, 9, 0, 0, 7, 0, 0, 128, 124, 0, 0, 0, 178, 2, 0, 0, 0, 128, 0, 0, 16, 0, 0, 128, 83, 99, 104, 71, 114, 105, 100, 115, 92, 69, 4, 0, 0, 0, 0, 0, 80, 104, 121, 115, 105, 99, 115, 67, 111, 109, 112, 111, 110, 101, 110, 116, 0, 0, 52, 0, 165, 9, 0, 0, 7, 0, 0, 128, 125, 0, 0, 0, 168, 2, 0, 0, 0, 128, 0, 0, 11, 0, 0, 128, 83, 99, 104, 71, 114, 105, 100, 115, 140, 36, 4, 0, 0, 0, 0, 0, 80, 108, 97, 121, 101, 114, 70, 108, 97, 103, 115, 111, 0, 0, 56, 0, 165, 9, 0, 0, 7, 0, 0, 128, 126, 0, 0, 0, 178, 2, 0, 0, 0, 128, 0, 0, 16, 0, 0, 128, 83, 99, 104, 71, 114, 105, 100, 115, 188, 3, 4, 0, 0, 0, 0, 0, 80, 108, 97, 121, 101, 114, 83, 116, 97, 116, 105, 115, 116, 105, 99, 115, 0, 0, 56, 0, 165, 9, 0, 0, 7, 0, 0, 128, 127, 0, 0, 0, 172, 2, 0, 0, 0, 128, 0, 0, 13, 0, 0, 128, 83, 99, 104, 71, 114, 105, 100, 115, 236, 226, 3, 0, 0, 0, 0, 0, 80, 114, 101, 99, 111, 110, 100, 105, 116, 105, 111, 110, 115, 105, 99, 115, 0, 0, 60, 0, 165, 9, 0, 0, 7, 0, 0, 128, 128, 0, 0, 0, 180, 2, 0, 0, 0, 128, 0, 0, 17, 0, 0, 128, 83, 99, 104, 71, 114, 105, 100, 115, 28, 194, 3, 0, 0, 0, 0, 0, 80, 114, 101, 99, 111, 110, 100, 105, 116, 105, 111, 110, 84, 121, 112, 101, 115, 70, 101, 110, 0, 0, 56, 0, 165, 9, 0, 0, 7, 0, 0, 128, 129, 0, 0, 0, 178, 2, 0, 0, 0, 128, 0, 0, 16, 0, 0, 128, 83, 99, 104, 71, 114, 105, 100, 115, 226, 161, 3, 0, 0, 0, 0, 0, 80, 114, 111, 112, 101, 114, 116, 121, 84, 101, 109, 112, 108, 97, 116, 101, 0, 0, 68, 0, 165, 9, 0, 0, 7, 0, 0, 128, 130, 0, 0, 0, 196, 2, 0, 0, 0, 128, 0, 0, 25, 0, 0, 128, 83, 99, 104, 71, 114, 105, 100, 115, 98, 124, 3, 0, 0, 0, 0, 0, 80, 114, 111, 120, 105, 109, 105, 116, 121, 77, 111, 110, 105, 116, 111, 114, 67, 111, 109, 112, 111, 110, 101, 110, 116, 0, 0, 0, 0, 0, 56, 0, 165, 9, 0, 0, 7, 0, 0, 128, 131, 0, 0, 0, 174, 2, 0, 0, 0, 128, 0, 0, 14, 0, 0, 128, 83, 99, 104, 71, 114, 105, 100, 115, 146, 91, 3, 0, 0, 0, 0, 0, 80, 114, 111, 120, 105, 109, 105, 116, 121, 84, 121, 112, 101, 115, 116, 101, 0, 0, 64, 0, 165, 9, 0, 0, 7, 0, 0, 128, 132, 0, 0, 0, 188, 2, 0, 0, 0, 128, 0, 0, 21, 0, 0, 128, 83, 99, 104, 71, 114, 105, 100, 115, 0, 57, 3, 0, 0, 0, 0, 0, 82, 97, 99, 105, 110, 103, 77, 111, 100, 117, 108, 101, 67, 111, 109, 112, 111, 110, 101, 110, 116, 115, 0, 0, 0, 0, 52, 0, 165, 9, 0, 0, 7, 0, 0, 128, 133, 0, 0, 0, 168, 2, 0, 0, 0, 128, 0, 0, 11, 0, 0, 128, 83, 99, 104, 71, 114, 105, 100, 115, 0, 0, 0, 0, 82, 22, 1, 0, 82, 97, 114, 105, 116, 121, 84, 97, 98, 108, 101, 112, 0, 0, 56, 0, 165, 9, 0, 0, 7, 0, 0, 128, 134, 0, 0, 0, 178, 2, 0, 0, 0, 128, 0, 0, 16, 0, 0, 128, 83, 99, 104, 71, 114, 105, 100, 115, 0, 0, 0, 0, 146, 3, 1, 0, 82, 97, 114, 105, 116, 121, 84, 97, 98, 108, 101, 73, 110, 100, 101, 120, 0, 0, 132, 0, 165, 9, 0, 0, 7, 0, 0, 128, 135, 0, 0, 0, 82, 0, 0, 0, 1, 128, 0, 0, 89, 0, 0, 128, 67, 111, 110, 116, 114, 111, 108, 115, 233, 19, 0, 0, 171, 6, 1, 0, 82, 101, 108, 97, 116, 105, 111, 110, 115, 104, 105, 112, 32, 39, 70, 75, 95, 76, 111, 111, 116, 77, 97, 116, 114, 105, 120, 95, 82, 97, 114, 105, 116, 121, 84, 97, 98, 108, 101, 73, 110, 100, 101, 120, 39, 32, 98, 101, 116, 119, 101, 101, 110, 32, 39, 82, 97, 114, 105, 116, 121, 84, 97, 98, 108, 101, 73, 110, 100, 101, 120, 39, 32, 97, 110, 100, 32, 39, 76, 111, 111, 116, 77, 97, 116, 114, 105, 120, 39, 111, 110, 115, 0, 0, 40, 0, 181, 1, 0, 0, 7, 0, 0, 128, 136, 0, 0, 0, 49, 0, 0, 0, 111, 0, 0, 0, 2, 128, 0, 0, 67, 111, 110, 116, 114, 111, 108, 115, 224, 16, 0, 0, 241, 8, 1, 0, 0, 0, 132, 0, 165, 9, 0, 0, 7, 0, 0, 128, 137, 0, 0, 0, 82, 0, 0, 0, 1, 128, 0, 0, 91, 0, 0, 128, 67, 111, 110, 116, 114, 111, 108, 115, 245, 8, 0, 0, 146, 10, 1, 0, 82, 101, 108, 97, 116, 105, 111, 110, 115, 104, 105, 112, 32, 39, 70, 75, 95, 82, 97, 114, 105, 116, 121, 84, 97, 98, 108, 101, 95, 82, 97, 114, 105, 116, 121, 84, 97, 98, 108, 101, 73, 110, 100, 101, 120, 39, 32, 98, 101, 116, 119, 101, 101, 110, 32, 39, 82, 97, 114, 105, 116, 121, 84, 97, 98, 108, 101, 73, 110, 100, 101, 120, 39, 32, 97, 110, 100, 32, 39, 82, 97, 114, 105, 116, 121, 84, 97, 98, 108, 101, 39, 115, 0, 0, 40, 0, 181, 1, 0, 0, 7, 0, 0, 128, 138, 0, 0, 0, 49, 0, 0, 0, 113, 0, 0, 0, 2, 128, 0, 0, 67, 111, 110, 116, 114, 111, 108, 115, 158, 247, 255, 255, 13, 17, 1, 0, 0, 0, 56, 0, 165, 9, 0, 0, 7, 0, 0, 128, 139, 0, 0, 0, 178, 2, 0, 0, 0, 128, 0, 0, 16, 0, 0, 128, 83, 99, 104, 71, 114, 105, 100, 115, 48, 24, 3, 0, 0, 0, 0, 0, 82, 101, 98, 117, 105, 108, 100, 67, 111, 109, 112, 111, 110, 101, 110, 116, 0, 0, 56, 0, 165, 9, 0, 0, 7, 0, 0, 128, 140, 0, 0, 0, 176, 2, 0, 0, 0, 128, 0, 0, 15, 0, 0, 128, 83, 99, 104, 71, 114, 105, 100, 115, 96, 247, 2, 0, 0, 0, 0, 0, 82, 101, 98, 117, 105, 108, 100, 83, 101, 99, 116, 105, 111, 110, 115, 116, 0, 0, 56, 0, 165, 9, 0, 0, 7, 0, 0, 128, 141, 0, 0, 0, 176, 2, 0, 0, 0, 128, 0, 0, 15, 0, 0, 128, 83, 99, 104, 71, 114, 105, 100, 115, 82, 216, 2, 0, 0, 0, 0, 0, 82, 101, 108, 101, 97, 115, 101, 95, 86, 101, 114, 115, 105, 111, 110, 116, 0, 0, 56, 0, 165, 9, 0, 0, 7, 0, 0, 128, 142, 0, 0, 0, 176, 2, 0, 0, 0, 128, 0, 0, 15, 0, 0, 128, 83, 99, 104, 71, 114, 105, 100, 115, 130, 183, 2, 0, 0, 0, 0, 0, 82, 101, 110, 100, 101, 114, 67, 111, 109, 112, 111, 110, 101, 110, 116, 116, 0, 0, 60, 0, 165, 9, 0, 0, 7, 0, 0, 128, 143, 0, 0, 0, 186, 2, 0, 0, 0, 128, 0, 0, 20, 0, 0, 128, 83, 99, 104, 71, 114, 105, 100, 115, 134, 149, 2, 0, 0, 0, 0, 0, 82, 101, 110, 100, 101, 114, 67, 111, 109, 112, 111, 110, 101, 110, 116, 70, 108, 97, 115, 104, 0, 0, 64, 0, 165, 9, 0, 0, 7, 0, 0, 128, 144, 0, 0, 0, 190, 2, 0, 0, 0, 128, 0, 0, 22, 0, 0, 128, 83, 99, 104, 71, 114, 105, 100, 115, 200, 113, 2, 0, 0, 0, 0, 0, 82, 101, 110, 100, 101, 114, 67, 111, 109, 112, 111, 110, 101, 110, 116, 87, 114, 97, 112, 112, 101, 114, 0, 0, 0, 0, 56, 0, 165, 9, 0, 0, 7, 0, 0, 128, 145, 0, 0, 0, 178, 2, 0, 0, 0, 128, 0, 0, 16, 0, 0, 128, 83, 99, 104, 71, 114, 105, 100, 115, 248, 80, 2, 0, 0, 0, 0, 0, 82, 101, 110, 100, 101, 114, 73, 99, 111, 110, 65, 115, 115, 101, 116, 115, 0, 0, 60, 0, 165, 9, 0, 0, 7, 0, 0, 128, 146, 0, 0, 0, 180, 2, 0, 0, 0, 128, 0, 0, 17, 0, 0, 128, 83, 99, 104, 71, 114, 105, 100, 115, 40, 48, 2, 0, 0, 0, 0, 0, 82, 101, 112, 117, 116, 97, 116, 105, 111, 110, 82, 101, 119, 97, 114, 100, 115, 97, 112, 112, 0, 0, 52, 0, 165, 9, 0, 0, 7, 0, 0, 128, 147, 0, 0, 0, 168, 2, 0, 0, 0, 128, 0, 0, 11, 0, 0, 128, 83, 99, 104, 71, 114, 105, 100, 115, 88, 15, 2, 0, 0, 0, 0, 0, 82, 101, 119, 97, 114, 100, 67, 111, 100, 101, 115, 115, 0, 0, 52, 0, 165, 9, 0, 0, 7, 0, 0, 128, 148, 0, 0, 0, 166, 2, 0, 0, 0, 128, 0, 0, 10, 0, 0, 128, 83, 99, 104, 71, 114, 105, 100, 115, 136, 238, 1, 0, 0, 0, 0, 0, 83, 99, 101, 110, 101, 84, 97, 98, 108, 101, 115, 115, 0, 0, 56, 0, 165, 9, 0, 0, 7, 0, 0, 128, 149, 0, 0, 0, 176, 2, 0, 0, 0, 128, 0, 0, 15, 0, 0, 128, 83, 99, 104, 71, 114, 105, 100, 115, 184, 205, 1, 0, 0, 0, 0, 0, 83, 99, 114, 105, 112, 116, 67, 111, 109, 112, 111, 110, 101, 110, 116, 115, 0, 0, 56, 0, 165, 9, 0, 0, 7, 0, 0, 128, 150, 0, 0, 0, 172, 2, 0, 0, 0, 128, 0, 0, 13, 0, 0, 128, 83, 99, 104, 71, 114, 105, 100, 115, 236, 63, 1, 0, 86, 244, 0, 0, 83, 107, 105, 108, 108, 66, 101, 104, 97, 118, 105, 111, 114, 110, 116, 115, 0, 0, 128, 0, 165, 9, 0, 0, 7, 0, 0, 128, 151, 0, 0, 0, 82, 0, 0, 0, 1, 128, 0, 0, 87, 0, 0, 128, 67, 111, 110, 116, 114, 111, 108, 115, 213, 83, 1, 0, 47, 10, 1, 0, 82, 101, 108, 97, 116, 105, 111, 110, 115, 104, 105, 112, 32, 39, 70, 75, 95, 79, 98, 106, 101, 99, 116, 83, 107, 105, 108, 108, 115, 95, 83, 107, 105, 108, 108, 66, 101, 104, 97, 118, 105, 111, 114, 39, 32, 98, 101, 116, 119, 101, 101, 110, 32, 39, 83, 107, 105, 108, 108, 66, 101, 104, 97, 118, 105, 111, 114, 39, 32, 97, 110, 100, 32, 39, 79, 98, 106, 101, 99, 116, 83, 107, 105, 108, 108, 115, 39, 0, 0, 0, 40, 0, 181, 1, 0, 0, 7, 0, 0, 128, 152, 0, 0, 0, 49, 0, 0, 0, 109, 0, 0, 0, 2, 128, 0, 0, 67, 111, 110, 116, 114, 111, 108, 115, 235, 81, 1, 0, 117, 12, 1, 0, 0, 0, 136, 0, 165, 9, 0, 0, 7, 0, 0, 128, 153, 0, 0, 0, 98, 0, 0, 0, 1, 128, 0, 0, 95, 0, 0, 128, 67, 111, 110, 116, 114, 111, 108, 115, 253, 72, 1, 0, 56, 32, 1, 0, 82, 101, 108, 97, 116, 105, 111, 110, 115, 104, 105, 112, 32, 39, 70, 75, 95, 83, 107, 105, 108, 108, 66, 101, 104, 97, 118, 105, 111, 114, 95, 66, 101, 104, 97, 118, 105, 111, 114, 84, 101, 109, 112, 108, 97, 116, 101, 39, 32, 98, 101, 116, 119, 101, 101, 110, 32, 39, 66, 101, 104, 97, 118, 105, 111, 114, 84, 101, 109, 112, 108, 97, 116, 101, 39, 32, 97, 110, 100, 32, 39, 83, 107, 105, 108, 108, 66, 101, 104, 97, 118, 105, 111, 114, 39, 0, 0, 0, 40, 0, 181, 1, 0, 0, 7, 0, 0, 128, 154, 0, 0, 0, 49, 0, 0, 0, 117, 0, 0, 0, 2, 128, 0, 0, 67, 111, 110, 116, 114, 111, 108, 115, 14, 86, 1, 0, 162, 64, 1, 0, 0, 0, 56, 0, 165, 9, 0, 0, 7, 0, 0, 128, 155, 0, 0, 0, 174, 2, 0, 0, 0, 128, 0, 0, 14, 0, 0, 128, 83, 99, 104, 71, 114, 105, 100, 115, 232, 172, 1, 0, 0, 0, 0, 0, 83, 109, 97, 115, 104, 97, 98, 108, 101, 67, 104, 97, 105, 110, 116, 115, 0, 0, 60, 0, 165, 9, 0, 0, 7, 0, 0, 128, 156, 0, 0, 0, 184, 2, 0, 0, 0, 128, 0, 0, 19, 0, 0, 128, 83, 99, 104, 71, 114, 105, 100, 115, 24, 140, 1, 0, 0, 0, 0, 0, 83, 109, 97, 115, 104, 97, 98, 108, 101, 67, 104, 97, 105, 110, 73, 110, 100, 101, 120, 112, 0, 0, 60, 0, 165, 9, 0, 0, 7, 0, 0, 128, 157, 0, 0, 0, 182, 2, 0, 0, 0, 128, 0, 0, 18, 0, 0, 128, 83, 99, 104, 71, 114, 105, 100, 115, 72, 107, 1, 0, 0, 0, 0, 0, 83, 109, 97, 115, 104, 97, 98, 108, 101, 67, 111, 109, 112, 111, 110, 101, 110, 116, 120, 112, 0, 0, 60, 0, 165, 9, 0, 0, 7, 0, 0, 128, 158, 0, 0, 0, 180, 2, 0, 0, 0, 128, 0, 0, 17, 0, 0, 128, 83, 99, 104, 71, 114, 105, 100, 115, 120, 74, 1, 0, 0, 0, 0, 0, 83, 109, 97, 115, 104, 97, 98, 108, 101, 69, 108, 101, 109, 101, 110, 116, 115, 116, 120, 112, 0, 0, 56, 0, 165, 9, 0, 0, 7, 0, 0, 128, 159, 0, 0, 0, 172, 2, 0, 0, 0, 128, 0, 0, 13, 0, 0, 128, 83, 99, 104, 71, 114, 105, 100, 115, 230, 220, 0, 0, 86, 244, 0, 0, 83, 112, 101, 101, 100, 99, 104, 97, 116, 77, 101, 110, 117, 110, 116, 115, 0, 0, 116, 0, 165, 9, 0, 0, 7, 0, 0, 128, 160, 0, 0, 0, 82, 0, 0, 0, 1, 128, 0, 0, 75, 0, 0, 128, 67, 111, 110, 116, 114, 111, 108, 115, 219, 229, 0, 0, 1, 4, 1, 0, 82, 101, 108, 97, 116, 105, 111, 110, 115, 104, 105, 112, 32, 39, 70, 75, 95, 83, 112, 101, 101, 100, 99, 104, 97, 116, 77, 101, 110, 117, 95, 69, 109, 111, 116, 101, 115, 39, 32, 98, 101, 116, 119, 101, 101, 110, 32, 39, 69, 109, 111, 116, 101, 115, 39, 32, 97, 110, 100, 32, 39, 83, 112, 101, 101, 100, 99, 104, 97, 116, 77, 101, 110, 117, 39, 115, 0, 0, 40, 0, 181, 1, 0, 0, 7, 0, 0, 128, 161, 0, 0, 0, 49, 0, 0, 0, 97, 0, 0, 0, 2, 128, 0, 0, 67, 111, 110, 116, 114, 111, 108, 115, 33, 232, 0, 0, 237, 10, 1, 0, 0, 0, 52, 0, 165, 9, 0, 0, 7, 0, 0, 128, 162, 0, 0, 0, 168, 2, 0, 0, 0, 128, 0, 0, 11, 0, 0, 128, 83, 99, 104, 71, 114, 105, 100, 115, 168, 41, 1, 0, 0, 0, 0, 0, 83, 117, 114, 102, 97, 99, 101, 84, 121, 112, 101, 110, 0, 0, 60, 0, 165, 9, 0, 0, 7, 0, 0, 128, 163, 0, 0, 0, 182, 2, 0, 0, 0, 128, 0, 0, 18, 0, 0, 128, 83, 99, 104, 71, 114, 105, 100, 115, 216, 8, 1, 0, 0, 0, 0, 0, 84, 97, 109, 105, 110, 103, 66, 117, 105, 108, 100, 80, 117, 122, 122, 108, 101, 115, 120, 112, 0, 0, 56, 0, 165, 9, 0, 0, 7, 0, 0, 128, 164, 0, 0, 0, 176, 2, 0, 0, 0, 128, 0, 0, 15, 0, 0, 128, 83, 99, 104, 71, 114, 105, 100, 115, 158, 157, 0, 0, 4, 10, 1, 0, 84, 101, 120, 116, 68, 101, 115, 99, 114, 105, 112, 116, 105, 111, 110, 115, 0, 0, 52, 0, 165, 9, 0, 0, 7, 0, 0, 128, 165, 0, 0, 0, 170, 2, 0, 0, 0, 128, 0, 0, 12, 0, 0, 128, 83, 99, 104, 71, 114, 105, 100, 115, 158, 157, 0, 0, 86, 244, 0, 0, 84, 101, 120, 116, 76, 97, 110, 103, 117, 97, 103, 101, 0, 0, 128, 0, 165, 9, 0, 0, 7, 0, 0, 128, 166, 0, 0, 0, 82, 0, 0, 0, 1, 128, 0, 0, 85, 0, 0, 128, 67, 111, 110, 116, 114, 111, 108, 115, 135, 177, 0, 0, 155, 248, 0, 0, 82, 101, 108, 97, 116, 105, 111, 110, 115, 104, 105, 112, 32, 39, 70, 75, 95, 84, 101, 120, 116, 76, 97, 110, 103, 117, 97, 103, 101, 95, 76, 97, 110, 103, 117, 97, 103, 101, 84, 121, 112, 101, 39, 32, 98, 101, 116, 119, 101, 101, 110, 32, 39, 76, 97, 110, 103, 117, 97, 103, 101, 84, 121, 112, 101, 39, 32, 97, 110, 100, 32, 39, 84, 101, 120, 116, 76, 97, 110, 103, 117, 97, 103, 101, 39, 115, 39, 0, 0, 0, 40, 0, 181, 1, 0, 0, 7, 0, 0, 128, 167, 0, 0, 0, 49, 0, 0, 0, 107, 0, 0, 0, 2, 128, 0, 0, 67, 111, 110, 116, 114, 111, 108, 115, 62, 174, 0, 0, 43, 248, 0, 0, 0, 0, 132, 0, 165, 9, 0, 0, 7, 0, 0, 128, 168, 0, 0, 0, 82, 0, 0, 0, 1, 128, 0, 0, 91, 0, 0, 128, 67, 111, 110, 116, 114, 111, 108, 115, 147, 166, 0, 0, 13, 255, 0, 0, 82, 101, 108, 97, 116, 105, 111, 110, 115, 104, 105, 112, 32, 39, 70, 75, 95, 84, 101, 120, 116, 76, 97, 110, 103, 117, 97, 103, 101, 95, 84, 101, 120, 116, 68, 101, 115, 99, 114, 105, 112, 116, 105, 111, 110, 39, 32, 98, 101, 116, 119, 101, 101, 110, 32, 39, 84, 101, 120, 116, 68, 101, 115, 99, 114, 105, 112, 116, 105, 111, 110, 39, 32, 97, 110, 100, 32, 39, 84, 101, 120, 116, 76, 97, 110, 103, 117, 97, 103, 101, 39, 105, 0, 0, 40, 0, 181, 1, 0, 0, 7, 0, 0, 128, 169, 0, 0, 0, 49, 0, 0, 0, 113, 0, 0, 0, 2, 128, 0, 0, 67, 111, 110, 116, 114, 111, 108, 115, 217, 168, 0, 0, 114, 4, 1, 0, 0, 0, 52, 0, 165, 9, 0, 0, 7, 0, 0, 128, 170, 0, 0, 0, 170, 2, 0, 0, 0, 128, 0, 0, 12, 0, 0, 128, 83, 99, 104, 71, 114, 105, 100, 115, 86, 94, 0, 0, 40, 79, 1, 0, 84, 114, 97, 105, 108, 69, 102, 102, 101, 99, 116, 115, 0, 0, 132, 0, 165, 9, 0, 0, 7, 0, 0, 128, 171, 0, 0, 0, 82, 0, 0, 0, 1, 128, 0, 0, 89, 0, 0, 128, 67, 111, 110, 116, 114, 111, 108, 115, 75, 103, 0, 0, 242, 66, 1, 0, 82, 101, 108, 97, 116, 105, 111, 110, 115, 104, 105, 112, 32, 39, 70, 75, 95, 66, 101, 104, 97, 118, 105, 111, 114, 69, 102, 102, 101, 99, 116, 95, 84, 114, 97, 105, 108, 69, 102, 102, 101, 99, 116, 115, 39, 32, 98, 101, 116, 119, 101, 101, 110, 32, 39, 84, 114, 97, 105, 108, 69, 102, 102, 101, 99, 116, 115, 39, 32, 97, 110, 100, 32, 39, 66, 101, 104, 97, 118, 105, 111, 114, 69, 102, 102, 101, 99, 116, 39, 101, 39, 105, 0, 0, 40, 0, 181, 1, 0, 0, 7, 0, 0, 128, 172, 0, 0, 0, 49, 0, 0, 0, 111, 0, 0, 0, 2, 128, 0, 0, 67, 111, 110, 116, 114, 111, 108, 115, 145, 105, 0, 0, 190, 73, 1, 0, 0, 0, 56, 0, 165, 9, 0, 0, 7, 0, 0, 128, 173, 0, 0, 0, 178, 2, 0, 0, 0, 128, 0, 0, 16, 0, 0, 128, 83, 99, 104, 71, 114, 105, 100, 115, 8, 232, 0, 0, 0, 0, 0, 0, 85, 71, 66, 101, 104, 97, 118, 105, 111, 114, 83, 111, 117, 110, 100, 115, 0, 0, 56, 0, 165, 9, 0, 0, 7, 0, 0, 128, 174, 0, 0, 0, 174, 2, 0, 0, 0, 128, 0, 0, 14, 0, 0, 128, 83, 99, 104, 71, 114, 105, 100, 115, 56, 199, 0, 0, 0, 0, 0, 0, 86, 101, 104, 105, 99, 108, 101, 80, 104, 121, 115, 105, 99, 115, 100, 115, 0, 0, 56, 0, 165, 9, 0, 0, 7, 0, 0, 128, 175, 0, 0, 0, 174, 2, 0, 0, 0, 128, 0, 0, 14, 0, 0, 128, 83, 99, 104, 71, 114, 105, 100, 115, 104, 166, 0, 0, 0, 0, 0, 0, 86, 101, 104, 105, 99, 108, 101, 83, 116, 97, 116, 77, 97, 112, 100, 115, 0, 0, 56, 0, 165, 9, 0, 0, 7, 0, 0, 128, 176, 0, 0, 0, 176, 2, 0, 0, 0, 128, 0, 0, 15, 0, 0, 128, 83, 99, 104, 71, 114, 105, 100, 115, 120, 30, 0, 0, 152, 102, 1, 0, 86, 101, 110, 100, 111, 114, 67, 111, 109, 112, 111, 110, 101, 110, 116, 115, 0, 0, 140, 0, 165, 9, 0, 0, 7, 0, 0, 128, 177, 0, 0, 0, 82, 0, 0, 0, 1, 128, 0, 0, 97, 0, 0, 128, 67, 111, 110, 116, 114, 111, 108, 115, 109, 39, 0, 0, 172, 90, 1, 0, 82, 101, 108, 97, 116, 105, 111, 110, 115, 104, 105, 112, 32, 39, 70, 75, 95, 86, 101, 110, 100, 111, 114, 67, 111, 109, 112, 111, 110, 101, 110, 116, 95, 76, 111, 111, 116, 77, 97, 116, 114, 105, 120, 73, 110, 100, 101, 120, 39, 32, 98, 101, 116, 119, 101, 101, 110, 32, 39, 76, 111, 111, 116, 77, 97, 116, 114, 105, 120, 73, 110, 100, 101, 120, 39, 32, 97, 110, 100, 32, 39, 86, 101, 110, 100, 111, 114, 67, 111, 109, 112, 111, 110, 101, 110, 116, 39, 101, 110, 116, 0, 0, 40, 0, 181, 1, 0, 0, 7, 0, 0, 128, 178, 0, 0, 0, 49, 0, 0, 0, 119, 0, 0, 0, 2, 128, 0, 0, 67, 111, 110, 116, 114, 111, 108, 115, 180, 18, 0, 0, 101, 97, 1, 0, 0, 0, 64, 0, 165, 9, 0, 0, 7, 0, 0, 128, 179, 0, 0, 0, 190, 2, 0, 0, 0, 128, 0, 0, 22, 0, 0, 128, 83, 99, 104, 71, 114, 105, 100, 115, 108, 132, 0, 0, 0, 0, 0, 0, 87, 104, 97, 116, 115, 67, 111, 111, 108, 73, 116, 101, 109, 83, 112, 111, 116, 108, 105, 103, 104, 116, 0, 0, 0, 0, 60, 0, 165, 9, 0, 0, 7, 0, 0, 128, 180, 0, 0, 0, 186, 2, 0, 0, 0, 128, 0, 0, 20, 0, 0, 128, 83, 99, 104, 71, 114, 105, 100, 115, 112, 98, 0, 0, 0, 0, 0, 0, 87, 104, 97, 116, 115, 67, 111, 111, 108, 78, 101, 119, 115, 65, 110, 100, 84, 105, 112, 115, 0, 0, 52, 0, 165, 9, 0, 0, 7, 0, 0, 128, 181, 0, 0, 0, 168, 2, 0, 0, 0, 128, 0, 0, 11, 0, 0, 128, 83, 99, 104, 71, 114, 105, 100, 115, 160, 65, 0, 0, 0, 0, 0, 0, 87, 111, 114, 108, 100, 67, 111, 110, 102, 105, 103, 110, 0, 0, 52, 0, 165, 9, 0, 0, 7, 0, 0, 128, 182, 0, 0, 0, 168, 2, 0, 0, 0, 128, 0, 0, 11, 0, 0, 128, 83, 99, 104, 71, 114, 105, 100, 115, 208, 32, 0, 0, 0, 0, 0, 0, 90, 111, 110, 101, 83, 117, 109, 109, 97, 114, 121, 110, 0, 0, 52, 0, 165, 9, 0, 0, 7, 0, 0, 128, 183, 0, 0, 0, 164, 2, 0, 0, 0, 128, 0, 0, 9, 0, 0, 128, 83, 99, 104, 71, 114, 105, 100, 115, 0, 0, 0, 0, 0, 0, 0, 0, 90, 111, 110, 101, 84, 97, 98, 108, 101, 114, 121, 110]
